1.209280601267094957e+06
1.334631071137830149e+06
1.283184044641248416e+06
1.502846121505075134e+06
1.578338229076849762e+06
1.688832571313881781e+06
1.757466185152418213e+06
1.921261819706878625e+06
1.859046758085631765e+06
1.696536514295572415e+06
1.766648920328175416e+06
1.736786463391159428e+06
1.643618150198833551e+06
1.650666396610716125e+06
1.708944641085146694e+06
1.722636953327520750e+06
1.734460571907919832e+06
1.698787661523035262e+06
1.739262761982617434e+06
1.888111691777351778e+06
2.177729374599873554e+06
2.116293505852865987e+06
1.968822041390889324e+06
2.150140022817910183e+06
2.252616179770412855e+06
2.258108993107973598e+06
2.275766430478628259e+06
inf
